
Horus 8.552451516687185 100 91.44754848331281 5.477602808859443
Sanguinius 1.6363501221891994 98.3636498778108 91.44754848331281 11.67729159733013
Horus 22.890498729601532 98.3636498778108 68.55704975371128 12.893684510812374
Sanguinius 1.9796569115520555 96.38399296625875 68.55704975371128 19.254583677802174
Horus 22.810097351553125 96.38399296625875 45.74695240215816 23.097474408452648
Horus 8.854013587412886 96.38399296625875 36.89293881474527 30.667388076313287
Sanguinius 13.60241853429443 82.78157443196432 36.89293881474527 36.489083366882866
Sanguinius 9.528620302502787 73.25295412946153 36.89293881474527 42.49599040543265
Sanguinius 2.939331155347901 70.31362297411363 36.89293881474527 50.84320822690601
Sanguinius 3.5356748000637737 66.77794817404985 36.89293881474527 56.90968021399113
Sanguinius 7.250361274880497 59.52758689916936 36.89293881474527 64.32504926989387
Sanguinius 4.143353001767274 55.38423389740208 36.89293881474527 74.23444897263013
Sanguinius 4.520354994550388 50.863878902851695 36.89293881474527 81.8877160223269
Sanguinius 2.509097782679021 48.354781120172674 36.89293881474527 87.45036934044003
Sanguinius 9.279150125004456 39.07563099516822 36.89293881474527 96.01281153362605
Sanguinius 8.792377480964738 30.28325351420348 36.89293881474527 103.30387111601802
Sanguinius 13.118813983193007 17.164439531010473 36.89293881474527 113.20865918749135
Horus 15.775255132746807 17.164439531010473 21.117683681998464 120.89313540129686
Sanguinius 14.258430294551406 2.9060092364590666 21.117683681998464 129.6953965520221
Sanguinius 2.9060092364590666 0 21.117683681998464 137.7445547525277
Sanguinius - POBEDITEL